location_dt [*,*] (tr)
:       1       2      :=
1     0       0
2     0.05    0
3     0.1     0
4     0.15    0
5     0.2     0
6     0.25    0
7     0.3     0
8     0.35    0
9     0.4     0
10    0.45    0
11    0.5     0
12    0.55    0.05
13    0.575   0.1
14    0.6     0.15
15    0.625   0.2
16    0.65    0.25
17    0.675   0.3
18    0.7     0.35
19    0.725   0.4
20    0.75    0.45
21    0.775   0.5
22    0.8     0.55
23    0.825   0.6
24    0.85    0.65
25    0.875   0.7
26    0.9     0.75
27    0.925   0.8
28    0.95    0.85
29    0.975   0.9
30    1       0.95
31    1.025   1
32    1.05    1.05
33    1.075   1.1
34    1.1     1.15
35    1.125   1.2
36    1.15    1.25
37    1.175   1.3
38    1.2     1.35
39    1.225   1.4
40    1.25    1.45
41    1.275   1.5
42    1.3     1.55
43    1.325   1.6
44    1.35    1.65
45    1.375   1.7
46    1.4     1.75
47    1.425   1.8
48    1.45    1.85
49    1.475   1.9
50    1.5     1.95
51    1.525   2
52    1.55    2.05
53    1.575   2.1
54    1.6     2.15
55    1.625   2.2
56    1.65    2.25
57    1.675   2.3
58    1.7     2.35
59    1.725   2.4
60    1.75    2.45
61    1.775   2.5
62    1.8     2.55
63    1.825   2.6
64    1.85    2.65
65    1.875   2.7
66    1.9     2.75
67    1.925   2.8
68    1.95    2.85
69    1.975   2.9
70    2       2.95
71    2.025   3
72    2.05    3.05
73    2.075   3.1
74    2.1     3.15
75    2.125   3.2
76    2.15    3.25
77    2.175   3.3
78    2.2     3.35
79    2.225   3.4
80    2.25    3.45
81    2.275   3.5
82    2.3     3.55
83    2.325   3.6
84    2.35    3.65
85    2.375   3.7
86    2.4     3.75
87    2.425   3.8
88    2.45    3.85
89    2.475   3.9
90    2.5     3.95
91    2.525   4
92    2.55    4.05
93    2.575   4.1
94    2.6     4.15
95    2.625   4.2
96    2.65    4.25
97    2.675   4.3
98    2.7     4.35
99    2.725   4.4
100   2.75    4.45
101   2.775   4.5
102   2.8     4.55
103   2.825   4.6
104   2.85    4.65
105   2.875   4.7
106   2.9     4.75
107   2.925   4.8
108   2.95    4.85
109   2.975   4.9
110   3       4.95
111   3.025   5
112   3.075   5.05
113   3.125   5.1
114   3.175   5.15
115   3.225   5.2
116   3.275   5.25
117   3.325   5.3
118   3.375   5.35
119   3.425   5.4
120   3.475   5.45
121   3.525   5.5
122   3.575   5.55
123   3.625   5.6
124   3.675   5.65
125   3.725   5.7
126   3.775   5.75
127   3.825   5.8
128   3.875   5.85
129   3.925   5.9
130   3.975   5.95
131   4.025   6
132   4.075   6
133   4.125   6
134   4.175   6
135   4.225   6
136   4.275   6
137   4.325   6
138   4.375   6
139   4.425   6
140   4.475   6
141   4.525   6
142   4.575   6
143   4.625   6.05
144   4.675   6
145   4.7     6.025
146   4.75    6
147   4.8     6
148   4.85    6
149   4.9     6
150   4.95    6
151   5       6
152   5.05    6
153   5.1     6
154   5.15    6
155   5.2     6
156   5.25    6
157   5.3     6
158   5.35    6
159   5.4     6
160   5.45    6
161   5.5     6
162   5.55    6
163   5.6     6
164   5.65    6
165   5.7     6
166   5.75    6
167   5.8     6
168   5.85    6
169   5.9     6
170   5.95    6
171   6       6
172   6.05    6.05
173   6.1     6.1
174   6.15    6.15
175   6.2     6.2
176   6.25    6.25
177   6.3     6.3
178   6.35    6.35
179   6.4     6.4
180   6.45    6.45
181   6.5     6.5
182   6.55    6.55
183   6.6     6.6
184   6.65    6.65
185   6.7     6.7
186   6.75    6.75
187   6.8     6.8
188   6.85    6.85
189   6.9     6.9
190   6.95    6.95
191   7       7
192   7       7
193   7       7
194   7       7
195   7       7
196   7       7
197   7       7
198   7       7
199   7       7
200   7       7
201   7.05    7
;

