move_dt [*,*] (tr)
:      1       2       :=
1     0.05    0
2     0.05    0
3     0.05    0
4     0.05    0
5     0.05    0
6     0.05    0
7     0.05    0
8     0.05    0
9     0.05    0
10    0.05    0
11    0.05    0.05
12    0.05    0.05
13    0.05    0.05
14    0.05    0.05
15    0.05    0.05
16    0.05    0.05
17    0.05    0.05
18    0.05    0.05
19    0.05    0.05
20    0.05    0.05
21    0.05    0.05
22    0.05    0.05
23    0.05    0.05
24    0.05    0.05
25    0.05    0.05
26    0.05    0.05
27    0.05    0.05
28    0.05    0.05
29    0.05    0.05
30    0.05    0.05
31    0.05    0.05
32    0.05    0.05
33    0.05    0.05
34    0.05    0.05
35    0.05    0.05
36    0.05    0.05
37    0.05    0.05
38    0.05    0.05
39    0.05    0.05
40    0.05    0.05
41    0.05    0.05
42    0.05    0.05
43    0.05    0.05
44    0.05    0.05
45    0.05    0.05
46    0.05    0.05
47    0.05    0.05
48    0.05    0.05
49    0.05    0.05
50    0.05    0.05
51    0.05    0.05
52    0.05    0.05
53    0.05    0.05
54    0.05    0.05
55    0.05    0.05
56    0.05    0.05
57    0.05    0.05
58    0.05    0.05
59    0.05    0.05
60    0.05    0.05
61    0.05    0.05
62    0.05    0.05
63    0.05    0.05
64    0.05    0.05
65    0.05    0.05
66    0.05    0.05
67    0.05    0.05
68    0.05    0.05
69    0.05    0.05
70    0.05    0.05
71    0.05    0.05
72    0.05    0.05
73    0.05    0.05
74    0.05    0.05
75    0.05    0.05
76    0.05    0.05
77    0.05    0.05
78    0.05    0.05
79    0.05    0.05
80    0.05    0.05
81    0.05    0.05
82    0.05    0.05
83    0.05    0.05
84    0.05    0.05
85    0.05    0.05
86    0.05    0.05
87    0.05    0.05
88    0.05    0.05
89    0.05    0.05
90    0.05    0.05
91    0.05    0.05
92    0.05    0.05
93    0.05    0.05
94    0.05    0.05
95    0.05    0.05
96    0.05    0.05
97    0.05    0.05
98    0.05    0.05
99    0.05    0.05
100   0.05    0.05
101   0.05    0.05
102   0.05    0.05
103   0.05    0.05
104   0.05    0.05
105   0.05    0.05
106   0.05    0.05
107   0.05    0.05
108   0.05    0.05
109   0.05    0.05
110   0.05    0.05
111   0.05    0.05
112   0.05    0.05
113   0.05    0.05
114   0.05    0.05
115   0.05    0.05
116   0.05    0.05
117   0.05    0.05
118   0.05    0.05
119   0.05    0.05
120   0.05    0.05
121   0.05    0.05
122   0.05    0.05
123   0.05    0.05
124   0.05    0.05
125   0.05    0.05
126   0.05    0.05
127   0.05    0.05
128   0.05    0.05
129   0.05    0.05
130   0.05    0.05
131   0.05    0
132   0.05    0
133   0.05    0
134   0.05    0
135   0.05    0
136   0.05    0
137   0.05    0
138   0.05    0
139   0.05    0
140   0.05    0
141   0.05    0
142   0.05    0.05
143   0.05   -0.05
144   0.05    0.05
145   0.05   -0.025
146   0.05    0
147   0.05    0
148   0.05    0
149   0.05    0
150   0.05    0
151   0.05    0
152   0.05    0
153   0.05    0
154   0.05    0
155   0.05    0
156   0.05    0
157   0.05    0
158   0.05    0
159   0.05    0
160   0.05    0
161   0.05    0
162   0.05    0
163   0.05    0
164   0.05    0
165   0.05    0
166   0.05    0
167   0.05    0
168   0.05    0
169   0.05    0
170   0.05    0
171   0.05    0.05
172   0.05    0.05
173   0.05    0.05
174   0.05    0.05
175   0.05    0.05
176   0.05    0.05
177   0.05    0.05
178   0.05    0.05
179   0.05    0.05
180   0.05    0.05
181   0.05    0.05
182   0.05    0.05
183   0.05    0.05
184   0.05    0.05
185   0.05    0.05
186   0.05    0.05
187   0.05    0.05
188   0.05    0.05
189   0.05    0.05
190   0.05    0.05
191   0       0
192   0       0
193   0       0
194   0       0
195   0       0
196   0       0
197   0       0
198   0       0
199   0       0
200   0.05    0
;

